48716460
48716735
48716786
48717211
48717294
48717439
48717498
48718021
48718164
48718495
48718722
48719433
48719484
48719497
48719527
48719543
48719689


301680442
301719239
301722784
301751903
301751956
301756645
301766303
301768931
301770340
301774758
301779817
301779929
301783841
301785002
301785229
301785329
301795717
301800953
301804334
301804683
301805327
301806759
301807232
301818484
301864471
301864686
301874804
301879600


NroContrato;CPF/CNPJ;TipoDocumento;Documento;NomeDocumentoExtensao
00000022392878;27264211304;1;1;ArquivoTesteUploadLote01.pdf
00000022392878;27264211304;1;2;ArquivoTesteUploadLote02.pdf
00000022392878;27264211304;1;3;ArquivoTesteUploadLote03.pdf
00000022392878;27264211304;1;4;ArquivoTesteUploadLote04.pdf



1	2	3	4	5	6
DATA	OUTORGADO	PODERES	VENCIMENTO	TIPO	NUMERO DE PASTA
20/06/2018	Arley - Administrar Curso	22/06/2018	Particular	20



